1 10.0 -2.64 1
26 10.0 -1.76 26
51 10.0 -1.58 51
76 10.0 -1.31 76
101 10.0 -1.44 101
126 10.0 -2.56 126
151 10.0 -2.75 151
176 10.0 -2.78 176
201 10.0 -3.47 201
226 10.0 -4.43 226
251 10.0 -6.31 251
276 10.0 -6.9 276
301 10.0 -7.82 301
326 10.0 -7.8 326
351 10.0 -7.65 351
376 10.0 -7.29 376
402 10.0 -6.76 402
427 10.0 -6.31 427
452 10.0 -6.01 452
477 10.0 -6.03 477
502 10.0 -6.15 502
527 10.0 -6.35 527
552 10.0 -6.58 552
577 10.0 -6.84 577
602 10.0 -7.11 602
627 10.0 -7.39 627
652 10.0 -7.68 652
677 10.0 -7.96 677
702 10.0 -8.25 702
727 10.0 -8.53 727
752 10.0 -8.82 752
777 10.0 -9.11 777
802 10.0 -9.45 802
827 10.0 -9.42 827
852 10.0 -8.91 852
877 10.0 -7.81 877
902 10.0 -7.27 902
927 10.0 -5.48 927
952 10.0 -3.78 952
977 10.0 -1.33 977
1002 10.0 -0.28 1002
1027 10.0 0.65 1027
1052 10.0 1.28 1052
1077 10.0 1.81 1077
1102 10.0 2.27 1102
1127 10.0 2.7 1127
1152 10.0 3.1 1152
1177 10.0 3.5 1177
1202 10.0 3.88 1202
1227 10.0 4.27 1227
1252 10.0 4.65 1252
1277 10.0 5.03 1277
1302 10.0 5.48 0
1327 10.0 5.79 0
1352 10.0 5.92 0
1377 10.0 5.74 0
1402 10.0 5.47 0
1427 10.0 5.02 0
1452 10.0 4.79 0
1477 10.0 4.76 0
1502 10.0 5.17 0
1527 10.0 4.17 0
1552 10.0 2.71 0
1577 10.0 2.47 0
1602 10.0 2.36 0
1627 10.0 1.9 0
1652 10.0 0.23 0
1677 10.0 -1.6 0
1702 10.0 -2.55 0
1727 10.0 -3.24 0
1752 10.0 -3.16 0
1777 10.0 -2.88 0
1802 10.0 -1.38 0
1827 10.0 -0.23 0
1852 10.0 1.26 0
1877 10.0 1.05 0
1902 10.0 1.75 0
1927 10.0 0.93 0
1952 10.0 -1.79 0
1977 10.0 -4.55 0
2002 10.0 -6.32 0
2027 10.0 -5.14 0
2053 10.0 -4.84 0
2078 10.0 -4.96 0
2103 10.0 -5.79 0
2128 10.0 -5.89 0
2153 10.0 -6.1 0
2178 10.0 -7.04 0
2203 10.0 -7.34 0
2228 10.0 -6.45 0
2253 10.0 -5.75 0
2278 10.0 -3.88 0
2303 10.0 -1.93 0
2328 10.0 1.1 0
2353 10.0 3.16 0
2378 10.0 4.54 0
2403 10.0 5.58 0
2429 10.0 6.07 0
2454 10.0 6.37 0
2479 10.0 6.53 0
2504 10.0 6.62 0
2529 10.0 6.67 0
2554 10.0 6.7 0
2579 10.0 6.71 0
2604 10.0 6.72 0
